1 	Uttar Pradesh 	State 	166,197,921 	16.50 	240,928 	828 	87,565,369 	78,632,552 	912 	67.68 	131,658,339 	34,539,582
2 	Maharashtra 	State 	96,878,627 	9.28 	307,713 	365 	50,400,596 	46,478,031 	929 	82.34 	55,777,647 	41,100,980
3 	Bihar 	State 	82,998,509 	8.60 	94,163 	1,102 	43,243,795 	39,754,714 	918 	61.80 	74,316,709 	8,681,800
4 	West Bengal 	State 	80,176,197 	7.54 	88,752 	1,030 	41,465,985 	38,710,212 	950 	76.26 	57,748,946 	22,427,251
5 	Madhya Pradesh 	State 	60,348,023 	6.00 	308,245 	236 	31,443,652 	28,904,371 	931 	69.32 	44,380,878 	15,967,145
6 	Tamil Nadu 	State 	62,405,679 	5.96 	130,058 	555 	31,400,909 	31,004,770 	996 	80.09 	34,921,681 	27,483,998
7 	Rajasthan 	State 	56,507,188 	5.66 	342,239 	201 	29,420,011 	27,087,177 	928 	66.11 	43,292,813 	13,214,375
8 	Karnataka 	State 	52,850,562 	5.05 	191,791 	319 	26,898,918 	25,951,644 	973 	75.36 	34,889,033 	17,961,529
9 	Gujarat 	State 	50,671,017 	4.99 	196,024 	308 	26,385,577 	24,285,440 	919 	78.03 	31,740,767 	18,930,250
10 	Andhra Pradesh	State 	76,210,007 	4.08 	160,200 	308 	38,527,413 	37,682,594 	996 	67.41 	34,776,389 	14,610,410
11 	Odisha 	State 	36,804,660 	3.47 	155,707 	269 	18,660,570 	18,144,090 	979 	72.87 	31,287,422 	5,517,238
12 	Telangana 	State 	35,193,978 	2.9 	114,845 	308 	42,442,146 	42,138,631 	990 	66.83 	20,624,678 	6,198,530
13 	Kerala 	State 	31,841,374 	2.76 	38,863 	859 	15,468,614 	16,372,760 	1084 	95.50 	23,574,449 	8,266,925
14 	Jharkhand 	State 	26,945,829 	2.72 	79,714 	414 	13,885,037 	13,060,792 	948 	66.41 	20,952,088 	5,993,741
15 	Assam 	State 	26,655,528 	2.58 	78,438 	397 	13,777,037 	12,878,491 	958 	72.19 	23,216,288 	3,439,240
16 	Punjab 	State 	24,358,999 	2.29 	50,362 	550 	12,985,045 	11,373,954 	895 	75.84 	16,096,488 	8,262,511
17 	Chhattisgarh 	State 	20,833,803 	2.11 	135,191 	189 	10,474,218 	10,359,585 	991 	70.28 	16,648,056 	4,185,747
18 	Haryana 	State 	21,144,564 	2.09 	44,212 	573 	11,363,953 	9,780,611 	879 	75.55 	15,029,260 	6,115,304
19 	Delhi 	UT 	13,850,507 	1.39 	1484 	11297 	7,607,234 	6,243,273 	868 	86.21 	944,727 	12,905,780
20 	Jammu and Kashmir 	State 	10,143,700 	1.04 	222,236 	56 	5,360,926 	4,782,774 	889 	67.16 	7,627,062 	2,516,638
21 	Uttarakhand 	State 	8,489,349 	0.83 	53,483 	189 	4,325,924 	4,163,425 	963 	78.82 	6,310,275 	2,179,074
22 	Himachal Pradesh 	State 	6,077,900 	0.57 	55,673 	123 	3,087,940 	2,989,960 	972 	82.80 	5,482,319 	595,581
23 	Tripura 	State 	3,199,203 	0.30 	10,486 	350 	1,642,225 	1,556,978 	960 	94.65 	2,653,453 	545,750
24 	Meghalaya 	State 	2,318,822 	0.25 	22,429 	132 	1,176,087 	1,142,735 	989 	74.43 	1,864,711 	454,111
25 	Manipur 	State 	2,293,896 	0.21 	22,327 	122 	1,161,952 	1,131,944 	992 	79.21 	1,590,820 	575,968
26 	Nagaland 	State 	1,990,036 	0.16 	16,579 	119 	1,047,141 	942,895 	931 	79.55 	1,647,249 	342,787
27 	Goa 	State 	1,347,668 	0.12 	3,702 	394 	687,248 	660,420 	973 	88.70 	677,091 	670,577
28 	Arunachal Pradesh 	State 	1,097,968 	0.11 	83,743 	17 	579,941 	518,027 	938 	65.38 	870,087 	227,881
29 	Pondicherry 	UT 	974,345 	0.10 	479 	2,598 	486,961 	487,384 	1037 	85.85 	325,726 	648,619
30 	Mizoram 	State 	888,573 	0.09 	21,081 	52 	459,109 	429,464 	976 	91.33 	447,567 	441,006
31 	Chandigarh 	UT 	900,635 	0.09 	114 	9,252 	506,938 	393,697 	818 	86.05 	92,120 	808,515
32 	Sikkim 	State 	540,851 	0.05 	7,096 	86 	288,484 	252,367 	890 	81.42 	480,981 	59,870
33 	Andaman and Nicobar Islands		UT 	356,152 	0.03 	8,249 	46 	192,972 	163,180 	876 	86.63 	239,954 	116,198
34 	Dadra and Nagar Haveli 	UT 	220,490 	0.03 	491 	698 	121,666 	98,824 	774 	76.24 	170,027 	50,463
35 	Daman and Diu 	UT 	158,204 	0.02 	112 	2,169 	92,512 	65,692 	618 	87.10 	100,856 	57,348
36 	Lakshadweep 	UT 	60,650 	0.01 	32 	2,013 	31,131 	29,519 	946 	91.85 	33,683 	26,967
